A = 1399 (0.063588016)
O = 1391 (0.0632244)
E = 1373 (0.062406253)
I = 1263 (0.05740648)
N = 1043 (0.047406934)
R = 923 (0.04195264)
Z = 899 (0.040861778)
T = 801 (0.036407437)
S = 774 (0.03518022)
W = 738 (0.03354393)
Y = 630 (0.028635062)
C = 580 (0.026362438)
D = 559 (0.025407936)
U = 540 (0.02454434)
K = 521 (0.023680741)
M = 511 (0.023226216)
P = 497 (0.022589883)
L = 467 (0.021226307)
B = 294 (0.013363029)
G = 289 (0.013135767)
H = 261 (0.011863098)
J = 259 (0.011772192)
F = 137 (0.00622699)
V = 41 (0.0018635517)
X = 11 (4.9997726E-4)
Q = 1 (4.5452478E-5)

